
local cfr = CFrame.new

return {{tm=0;["Torso"]={cf=cfr(.256,-.361,-.772,.548,-.739,.393,.782,.284,-.555,.298,.611,.733);es="Linear";ed="In";};["Left Leg"]={cf=cfr(-1.042,1.207,-.609,.526,.662,-.534,-.547,.744,.383,.651,.091,.754);es="Linear";ed="In";};["Right Leg"]={cf=cfr(-.493,-.02,-.58,-.134,-.097,-.986,-.383,.923,-.039,.914,.373,-.161);es="Linear";ed="In";};["Left Arm"]={cf=cfr(-.454,.249,.142,-.526,.659,.538,-.294,.453,-.842,-.798,-.601,-.045);es="Linear";ed="In";};["Right Arm"]={cf=cfr(.831,-.12,.166,.579,-.7,-.417,.224,-.355,.908,-.784,-.619,-.049);es="Linear";ed="In";};["Head"]={cf=cfr(0,0,0,.581,.804,-.126,-.731,.584,.352,.357,-.112,.927);es="Linear";ed="In";};};{tm=.033;["Torso"]={cf=cfr(.3,-.345,-.785,.457,-.761,.461,.83,.177,-.529,.321,.624,.712);es="Linear";ed="In";};["Left Leg"]={cf=cfr(-.973,1.217,-.656,.377,.72,-.583,-.584,.673,.453,.719,.17,.674);es="Linear";ed="In";};["Right Leg"]={cf=cfr(-.442,-.023,-.732,-.411,-.221,-.885,-.394,.918,-.046,.822,.329,-.464);es="Linear";ed="In";};["Left Arm"]={cf=cfr(-.684,.229,.212,-.68,.458,.573,-.205,.632,-.748,-.704,-.626,-.336);es="Linear";ed="In";};["Right Arm"]={cf=cfr(.845,-.292,.009,.125,-.991,-.053,-.116,-.067,.991,-.985,-.118,-.123);es="Linear";ed="In";};["Head"]={cf=cfr(0,0,0,.538,.831,-.142,-.76,.551,.345,.364,-.078,.928);es="Linear";ed="In";};};{tm=.067;["Torso"]={cf=cfr(.322,-.334,-.793,.41,-.766,.495,.85,.123,-.513,.332,.631,.701);es="Linear";ed="In";};["Left Leg"]={cf=cfr(-.937,1.215,-.672,.296,.744,-.599,-.598,.634,.491,.745,.213,.633);es="Linear";ed="In";};["Right Leg"]={cf=cfr(-.394,-.022,-.807,-.549,-.281,-.787,-.405,.913,-.044,.731,.295,-.615);es="Linear";ed="In";};["Left Arm"]={cf=cfr(-.689,.172,.433,-.751,.379,.541,-.085,.757,-.648,-.655,-.533,-.536);es="Linear";ed="In";};["Right Arm"]={cf=cfr(.894,-.336,.017,-.249,-.968,.027,-.347,.115,.931,-.904,.222,-.364);es="Linear";ed="In";};["Head"]={cf=cfr(0,0,0,.516,.843,-.149,-.773,.534,.342,.368,-.061,.928);es="Linear";ed="In";};};{tm=.1;["Torso"]={cf=cfr(.331,-.298,-.774,.404,-.761,.508,.875,.158,-.458,.268,.63,.729);es="Linear";ed="In";};["Left Leg"]={cf=cfr(-.943,1.24,-.735,.339,.737,-.584,-.531,.663,.528,.777,.131,.616);es="Linear";ed="In";};["Right Leg"]={cf=cfr(-.437,.001,-.743,-.43,-.227,-.874,-.471,.882,.002,.771,.413,-.486);es="Linear";ed="In";};["Left Arm"]={cf=cfr(-.516,.136,.627,-.808,.37,.459,.026,.8,-.6,-.589,-.473,-.656);es="Linear";ed="In";};["Right Arm"]={cf=cfr(.912,-.31,.072,-.401,-.916,-.02,-.467,.185,.865,-.788,.356,-.502);es="Linear";ed="In";};["Head"]={cf=cfr(0,0,0,.516,.843,-.149,-.773,.534,.342,.368,-.061,.928);es="Linear";ed="In";};};{tm=.133;["Torso"]={cf=cfr(.327,-.243,-.742,.465,-.729,.503,.877,.301,-.374,.121,.615,.779);es="Linear";ed="In";};["Left Leg"]={cf=cfr(-1.014,1.277,-.84,.522,.673,-.524,-.375,.732,.569,.766,-.101,.634);es="Linear";ed="In";};["Right Leg"]={cf=cfr(-.498,-.011,-.539,-.051,-.063,-.997,-.58,.814,-.021,.813,.577,-.078);es="Linear";ed="In";};["Left Arm"]={cf=cfr(-.437,.134,.673,-.909,.266,.322,.023,.803,-.596,-.417,-.534,-.736);es="Linear";ed="In";};["Right Arm"]={cf=cfr(.952,-.269,.124,-.478,-.872,-.108,-.589,.226,.776,-.652,.434,-.621);es="Linear";ed="In";};["Head"]={cf=cfr(0,0,0,.516,.843,-.149,-.773,.534,.342,.368,-.061,.928);es="Linear";ed="In";};};{tm=.167;["Torso"]={cf=cfr(.248,-.276,-.714,.708,-.595,.38,.705,.568,-.425,.037,.569,.822);es="Linear";ed="In";};["Left Leg"]={cf=cfr(-1.196,1.233,-.695,.82,.453,-.35,-.249,.833,.494,.515,-.318,.796);es="Linear";ed="In";};["Right Leg"]={cf=cfr(-.47,.003,-.33,.288,.179,-.941,-.514,.858,.006,.808,.482,.339);es="Linear";ed="In";};["Left Arm"]={cf=cfr(-.329,.164,.69,-.975,.185,.122,.063,.759,-.647,-.212,-.624,-.752);es="Linear";ed="In";};["Right Arm"]={cf=cfr(.984,-.236,.153,-.503,-.846,-.178,-.665,.247,.705,-.552,.473,-.687);es="Linear";ed="In";};["Head"]={cf=cfr(0,0,0,.516,.843,-.149,-.773,.534,.342,.368,-.061,.928);es="Linear";ed="In";};};{tm=.2;["Torso"]={cf=cfr(-.036,-.25,-.649,.976,-.21,-.055,.173,.907,-.384,.13,.365,.922);es="Linear";ed="In";};["Left Leg"]={cf=cfr(-.526,.473,-.033,.972,.232,-.02,-.221,.945,.243,.075,-.232,.97);es="Linear";ed="In";};["Right Leg"]={cf=cfr(-.388,.216,-.271,.492,.394,-.776,-.04,.901,.432,.87,-.181,.459);es="Linear";ed="In";};["Left Arm"]={cf=cfr(-.306,.464,.665,-.67,.666,-.327,.657,.328,-.679,-.345,-.67,-.657);es="Linear";ed="In";};["Right Arm"]={cf=cfr(.952,.059,.47,.229,-.928,-.296,-.609,-.373,.7,-.759,.02,-.651);es="Linear";ed="In";};["Head"]={cf=cfr(0,0,0,.846,.513,-.148,-.512,.858,.045,.15,.038,.988);es="Linear";ed="In";};};{tm=.25;["Torso"]={cf=cfr(-.185,.08,-.63,.812,.509,-.285,-.496,.86,.123,.307,.041,.951);es="Linear";ed="In";};["Left Leg"]={cf=cfr(-.09,.057,.161,.752,-.546,.368,.575,.817,.038,-.322,.183,.929);es="Linear";ed="In";};["Right Leg"]={cf=cfr(.386,.9,-.005,.746,.203,-.635,.189,.849,.494,.639,-.488,.594);es="Linear";ed="In";};["Left Arm"]={cf=cfr(-.546,.786,.687,.107,.845,-.523,.791,-.392,-.471,-.603,-.363,-.71);es="Linear";ed="In";};["Right Arm"]={cf=cfr(.585,.46,.987,.935,-.226,-.273,.009,-.756,.655,-.354,-.615,-.705);es="Linear";ed="In";};["Head"]={cf=cfr(0,0,0,.916,-.311,.254,.361,.915,-.181,-.177,.258,.95);es="Linear";ed="In";};};{tm=.283;["Torso"]={cf=cfr(.006,.256,-.651,.247,.969,.009,-.892,.223,.394,.38,-.105,.919);es="Linear";ed="In";};["Left Leg"]={cf=cfr(.381,-.218,.211,.224,-.632,.742,.937,.348,.013,-.267,.692,.671);es="Linear";ed="In";};["Right Leg"]={cf=cfr(.391,.359,-.074,.905,-.415,.09,.405,.907,.112,-.128,-.065,.99);es="Linear";ed="In";};["Left Arm"]={cf=cfr(-.851,.677,-.065,.569,.666,-.483,.003,-.589,-.808,-.823,.458,-.337);es="Linear";ed="In";};["Right Arm"]={cf=cfr(.142,-.08,.55,.624,.345,-.701,.703,.142,.697,.34,-.928,-.154);es="Linear";ed="In";};["Head"]={cf=cfr(0,0,0,.734,-.529,.426,.668,.679,-.306,-.127,.509,.851);es="Linear";ed="In";};};{tm=.317;["Torso"]={cf=cfr(.13,.141,-.627,-.671,.714,.2,-.68,-.7,.217,.295,.009,.955);es="Linear";ed="In";};["Left Leg"]={cf=cfr(.644,-.073,-.053,.671,-.306,.675,.71,.526,-.468,-.212,.794,.57);es="Linear";ed="In";};["Right Leg"]={cf=cfr(.695,.685,-.188,.985,.078,-.155,.007,.874,.486,.173,-.48,.86);es="Linear";ed="In";};["Left Arm"]={cf=cfr(-.826,.683,-.198,.499,.681,-.536,-.232,-.492,-.839,-.835,.543,-.088);es="Linear";ed="In";};["Right Arm"]={cf=cfr(.089,-.225,.404,.468,.317,-.825,.79,.268,.552,.396,-.91,-.125);es="Linear";ed="In";};["Head"]={cf=cfr(0,0,0,.928,-.302,.219,.37,.813,-.449,-.043,.498,.866);es="Linear";ed="In";};};{tm=.35;["Torso"]={cf=cfr(.251,.105,-.658,-.312,-.868,.386,.949,-.269,.162,-.037,.417,.908);es="Linear";ed="In";};["Left Leg"]={cf=cfr(.235,.139,.215,.846,.474,.242,-.396,.864,-.31,-.357,.166,.919);es="Linear";ed="In";};["Right Leg"]={cf=cfr(-.18,-.013,-.034,.453,-.816,-.359,.869,.494,-.024,.197,-.301,.933);es="Linear";ed="In";};["Left Arm"]={cf=cfr(-.582,.363,-.628,.497,.765,-.41,-.614,-.024,-.789,-.613,.644,.458);es="Linear";ed="In";};["Right Arm"]={cf=cfr(.085,-.404,.241,.278,.321,-.905,.845,.367,.39,.457,-.873,-.169);es="Linear";ed="In";};["Head"]={cf=cfr(0,0,0,.907,.312,-.284,-.405,.832,-.379,.118,.459,.881);es="Linear";ed="In";};};{tm=.383;["Torso"]={cf=cfr(.28,-.149,-.68,.552,-.714,.43,.832,.506,-.228,-.055,.484,.873);es="Linear";ed="In";};["Left Leg"]={cf=cfr(.494,.43,.274,.541,.195,.818,-.309,.951,-.022,-.782,-.241,.575);es="Linear";ed="In";};["Right Leg"]={cf=cfr(.113,.252,.001,.437,-.712,-.549,.869,.492,.053,.233,-.5,.834);es="Linear";ed="In";};["Left Arm"]={cf=cfr(-.548,.013,-.503,.558,.608,-.564,-.787,.604,-.128,.263,.515,.816);es="Linear";ed="In";};["Right Arm"]={cf=cfr(.074,-.164,.303,.353,.102,-.93,.28,.937,.209,.893,-.334,.302);es="Linear";ed="In";};["Head"]={cf=cfr(0,0,0,.709,.637,-.302,-.675,.737,-.031,.203,.226,.953);es="Linear";ed="In";};};{tm=.417;["Torso"]={cf=cfr(.28,-.151,-.681,.549,-.716,.431,.834,.5,-.232,-.049,.487,.872);es="Linear";ed="In";};["Left Leg"]={cf=cfr(.496,.419,.268,.543,.205,.814,-.315,.949,-.028,-.778,-.241,.58);es="Linear";ed="In";};["Right Leg"]={cf=cfr(.109,.253,-.001,.432,-.71,-.556,.871,.488,.054,.233,-.508,.829);es="Linear";ed="In";};["Left Arm"]={cf=cfr(-.456,-.103,-.409,.464,.689,-.556,-.829,.559,.001,.312,.46,.831);es="Linear";ed="In";};["Right Arm"]={cf=cfr(.053,-.173,.251,.444,.109,-.889,.217,.95,.225,.869,-.293,.398);es="Linear";ed="In";};["Head"]={cf=cfr(0,0,0,.678,.678,-.283,-.703,.71,.017,.213,.187,.959);es="Linear";ed="In";};};{tm=.45;["Torso"]={cf=cfr(.285,-.152,-.684,.537,-.721,.438,.842,.486,-.234,-.044,.495,.868);es="Linear";ed="In";};["Left Leg"]={cf=cfr(.498,.408,.258,.549,.227,.804,-.335,.941,-.036,-.765,-.25,.593);es="Linear";ed="In";};["Right Leg"]={cf=cfr(.102,.25,-.007,.422,-.704,-.572,.874,.483,.049,.242,-.52,.819);es="Linear";ed="In";};["Left Arm"]={cf=cfr(-.419,-.194,-.347,.397,.775,-.493,-.833,.529,.162,.386,.346,.855);es="Linear";ed="In";};["Right Arm"]={cf=cfr(.024,-.185,.203,.535,.126,-.835,.162,.955,.248,.829,-.268,.49);es="Linear";ed="In";};["Head"]={cf=cfr(0,0,0,.637,.726,-.261,-.738,.672,.068,.225,.149,.963);es="Linear";ed="In";};};{tm=.483;["Torso"]={cf=cfr(.291,-.152,-.687,.524,-.725,.447,.851,.471,-.234,-.041,.503,.864);es="Linear";ed="In";};["Left Leg"]={cf=cfr(.499,.399,.248,.555,.249,.794,-.358,.933,-.043,-.751,-.26,.607);es="Linear";ed="In";};["Right Leg"]={cf=cfr(.094,.247,-.012,.411,-.697,-.587,.876,.481,.043,.252,-.532,.808);es="Linear";ed="In";};["Left Arm"]={cf=cfr(-.438,-.251,-.327,.377,.831,-.41,-.803,.514,.303,.462,.215,.86);es="Linear";ed="In";};["Right Arm"]={cf=cfr(-.001,-.195,.17,.598,.144,-.788,.124,.955,.268,.792,-.258,.554);es="Linear";ed="In";};["Head"]={cf=cfr(0,0,0,.599,.764,-.241,-.766,.634,.108,.235,.12,.965);es="Linear";ed="In";};};{tm=.517;["Torso"]={cf=cfr(.294,-.152,-.688,.518,-.727,.451,.855,.464,-.233,-.039,.506,.862);es="Linear";ed="In";};["Left Leg"]={cf=cfr(.5,.395,.244,.557,.26,.789,-.368,.929,-.046,-.744,-.265,.613);es="Linear";ed="In";};["Right Leg"]={cf=cfr(.09,.246,-.014,.407,-.694,-.594,.877,.48,.04,.257,-.537,.803);es="Linear";ed="In";};["Left Arm"]={cf=cfr(-.46,-.271,-.325,.38,.847,-.371,-.782,.508,.36,.493,.153,.856);es="Linear";ed="In";};["Right Arm"]={cf=cfr(-.01,-.199,.161,.617,.151,-.773,.112,.955,.276,.779,-.257,.572);es="Linear";ed="In";};["Head"]={cf=cfr(0,0,0,.583,.779,-.232,-.777,.618,.123,.239,.109,.965);es="Linear";ed="In";};};{tm=.55;["Torso"]={cf=cfr(.294,-.152,-.688,.518,-.727,.451,.855,.464,-.233,-.039,.506,.862);es="Linear";ed="In";};["Left Leg"]={cf=cfr(.5,.395,.244,.557,.26,.789,-.368,.929,-.046,-.744,-.265,.613);es="Linear";ed="In";};["Right Leg"]={cf=cfr(.09,.246,-.014,.407,-.694,-.594,.877,.48,.04,.257,-.537,.803);es="Linear";ed="In";};["Left Arm"]={cf=cfr(-.46,-.271,-.325,.38,.847,-.371,-.782,.508,.36,.493,.153,.856);es="Linear";ed="In";};["Right Arm"]={cf=cfr(-.01,-.199,.161,.617,.151,-.773,.112,.955,.276,.779,-.257,.572);es="Linear";ed="In";};["Head"]={cf=cfr(0,0,0,.583,.779,-.232,-.777,.618,.123,.239,.109,.965);es="Linear";ed="In";};};{tm=.583;["Torso"]={cf=cfr(.294,-.152,-.688,.518,-.727,.451,.855,.464,-.233,-.039,.506,.862);es="Linear";ed="In";};["Left Leg"]={cf=cfr(.5,.395,.244,.557,.26,.789,-.368,.929,-.046,-.744,-.265,.613);es="Linear";ed="In";};["Right Leg"]={cf=cfr(.09,.246,-.014,.407,-.694,-.594,.877,.48,.04,.257,-.537,.803);es="Linear";ed="In";};["Left Arm"]={cf=cfr(-.46,-.271,-.325,.38,.847,-.371,-.782,.508,.36,.493,.153,.856);es="Linear";ed="In";};["Right Arm"]={cf=cfr(-.01,-.199,.161,.617,.151,-.773,.112,.955,.276,.779,-.257,.572);es="Linear";ed="In";};["Head"]={cf=cfr(0,0,0,.583,.779,-.232,-.777,.618,.123,.239,.109,.965);es="Linear";ed="In";};["ChaosSaberL"]={cf=cfr(.499,-.119,0,.959,.284,0,-.284,.959,0,0,0,1);es="Linear";ed="In";};};}
